0.0066928509242848554
0.012953727530695859
0.02492442664711403
0.04742587317756678
0.08839967720705841
0.15886910488091513
0.26894142136999516
0.4174297935376853
0.5825702064623147
0.7310585786300049
0.8411308951190848
0.9116003227929417
0.9525741268224334
0.975075573352886
0.9870462724693041
0.0066928509242848554
0.007835145422474772
0.009170599752360894
0.010731212465450798
0.012554038512702167
0.014681898325460938
0.017164152757520028
0.02005753653785041
0.023427035937057025
0.027346786796182875
0.03190095629438097
0.03718455523889262
0.04330410675805652
0.05037807187137191
0.0585369028743679
0.06792256314142832
0.07868731960789302
0.09099158667570945
0.10500058502026478
0.12087958609166738
0.1387875559664535
0.15886910488091513
0.18124480392798442
0.20600015428198296
0.23317378030154554
0.2627457395481305
0.2946271492940394
0.32865254651727
0.3645764407416392
0.4020753108072692
0.44075580261520714
0.4801691383115769
0.519830861688423
0.5592441973847929
0.5979246891927307
0.6354235592583608
0.67134745348273
0.7053728507059606
0.7372542604518694
0.7668262196984543
0.793999845718017
0.8187551960720155
0.8411308951190848
0.8612124440335465
0.8791204139083325
0.8949994149797352
0.9090084133242906
0.9213126803921069
0.9320774368585716
0.941463097125632
0.949621928128628
0.9566958932419435
0.9628154447611075
0.968099043705619
0.9726532132038171
0.9765729640629429
0.9799424634621495
0.9828358472424801
0.985318101674539
0.9874459614872979
0.9892687875345492
0.9908294002476392
0.9921648545775251
0.0066928509242848554
0.007815888789288626
0.00912563738918052
0.010652510839726164
0.01243165085318582
0.014503579691381979
0.01691491326672651
0.019719128107346592
0.022977369910025615
0.026759283185443152
0.03114383053477846
0.03622005586497474
0.042087727915618836
0.048857778622174906
0.05665242530797383
0.0656048374590693
0.07585818002124355
0.08756383952305867
0.10087862273005652
0.11596071825396675
0.13296424019782926
0.15203224162217424
0.1732882059293266
0.19682620364309852
0.22270013882530884
0.25091278688527247
0.28140560742914383
0.31405054499180746
0.34864513533394575
0.3849121444839335
0.4225046348141883
0.461016779312316
0.5
0.5389832206876841
0.5774953651858118
0.6150878555160665
0.6513548646660542
0.6859494550081925
0.7185943925708561
0.7490872131147275
0.7772998611746911
0.8031737963569016
0.8267117940706734
0.8479677583778257
0.8670357598021706
0.8840392817460332
0.8991213772699436
0.9124361604769414
0.9241418199787566
0.9343951625409306
0.9433475746920261
0.9511422213778251
0.9579122720843811
0.9637799441350253
0.9688561694652216
0.9732407168145568
0.9770226300899744
0.9802808718926534
0.9830850867332734
0.985496420308618
0.9875683491468141
0.9893474891602738
0.9908743626108194
0.9921841112107114
0.0066928509242848554
0.007815888789288626
0.00912563738918052
0.010652510839726164
0.01243165085318582
0.014503579691381979
0.01691491326672651
0.019719128107346592
0.022977369910025615
0.026759283185443152
0.03114383053477846
0.03622005586497474
0.042087727915618836
0.048857778622174906
0.05665242530797383
0.0656048374590693
0.07585818002124355
0.08756383952305867
0.10087862273005652
0.11596071825396675
0.13296424019782926
0.15203224162217424
0.1732882059293266
0.19682620364309852
0.22270013882530884
0.25091278688527247
0.28140560742914383
0.31405054499180746
0.34864513533394575
0.3849121444839335
0.4225046348141883
0.461016779312316
0.5
0.5389832206876841
0.5774953651858118
0.6150878555160665
0.6513548646660542
0.6859494550081925
0.7185943925708561
0.7490872131147275
0.7772998611746911
0.8031737963569016
0.8267117940706734
0.8479677583778257
0.8670357598021706
0.8840392817460332
0.8991213772699436
0.9124361604769414
0.9241418199787566
0.9343951625409306
0.9433475746920261
0.9511422213778251
0.9579122720843811
0.9637799441350253
0.9688561694652216
0.9732407168145568
0.9770226300899744
0.9802808718926534
0.9830850867332734
0.985496420308618
0.9875683491468141
0.9893474891602738
0.9908743626108194
0.9921841112107114
0.0066928509242848554
0.00785507260918298
0.00921724273083208
0.010813056126819412
0.012681621879303398
0.014868234394117934
0.017425216681586093
0.020412827223409792
0.023900213736707827
0.027966386010737213
0.032701165076896674
0.038206046578410306
0.04459489178875795
0.05199433012931067
0.06054372283398899
0.07039450040578649
0.08170865036549749
0.0946561027289426
0.10941074808409781
0.12614483995220124
0.14502159506879217
0.16618592892610995
0.18975346274764304
0.21579821570626745
0.24433973846559695
0.2753308110817912
0.308647150481145
0.3440807563946349
0.381338470150818
0.420046953917862
0.4597646070902748
0.5
0.5402353929097252
0.5799530460821378
0.6186615298491819
0.6559192436053651
0.6913528495188551
0.7246691889182088
0.755660261534403
0.7842017842937326
0.810246537252357
0.83381407107389
0.8549784049312077
0.8738551600477987
0.8905892519159022
0.9053438972710574
0.9182913496345025
0.9296054995942135
0.9394562771660111
0.9480056698706893
0.9554051082112419
0.9617939534215897
0.9672988349231034
0.9720336139892628
0.9760997862632922
0.9795871727765902
0.9825747833184139
0.985131765605882
0.9873183781206967
0.9891869438731806
0.990782757269168
0.9921449273908169
0.0066928509242848554
0.007835145422474772
0.009170599752360894
0.010731212465450798
0.012554038512702167
0.014681898325460938
0.017164152757520028
0.02005753653785041
0.023427035937057025
0.027346786796182875
0.03190095629438097
0.03718455523889262
0.04330410675805652
0.05037807187137191
0.0585369028743679
0.06792256314142832
0.07868731960789302
0.09099158667570945
0.10500058502026478
0.12087958609166738
0.1387875559664535
0.15886910488091513
0.18124480392798442
0.20600015428198296
0.23317378030154554
0.2627457395481305
0.2946271492940394
0.32865254651727
0.3645764407416392
0.4020753108072692
0.44075580261520714
0.4801691383115769
0.519830861688423
0.5592441973847929
0.5979246891927307
0.6354235592583608
0.67134745348273
0.7053728507059606
0.7372542604518694
0.7668262196984543
0.793999845718017
0.8187551960720155
0.8411308951190848
0.8612124440335465
0.8791204139083325
0.8949994149797352
0.9090084133242906
0.9213126803921069
0.9320774368585716
0.941463097125632
0.949621928128628
0.9566958932419435
0.9628154447611075
0.968099043705619
0.9726532132038171
0.9765729640629429
0.9799424634621495
0.9828358472424801
0.985318101674539
0.9874459614872979
0.9892687875345492
0.9908294002476392
0.9921648545775251
0.0066928509242848554
0.007815888789288626
0.00912563738918052
0.010652510839726164
0.01243165085318582
0.014503579691381979
0.01691491326672651
0.019719128107346592
0.022977369910025615
0.026759283185443152
0.03114383053477846
0.03622005586497474
0.042087727915618836
0.048857778622174906
0.05665242530797383
0.0656048374590693
0.07585818002124355
0.08756383952305867
0.10087862273005652
0.11596071825396675
0.13296424019782926
0.15203224162217424
0.1732882059293266
0.19682620364309852
0.22270013882530884
0.25091278688527247
0.28140560742914383
0.31405054499180746
0.34864513533394575
0.3849121444839335
0.4225046348141883
0.461016779312316
0.5
0.5389832206876841
0.5774953651858118
0.6150878555160665
0.6513548646660542
0.6859494550081925
0.7185943925708561
0.7490872131147275
0.7772998611746911
0.8031737963569016
0.8267117940706734
0.8479677583778257
0.8670357598021706
0.8840392817460332
0.8991213772699436
0.9124361604769414
0.9241418199787566
0.9343951625409306
0.9433475746920261
0.9511422213778251
0.9579122720843811
0.9637799441350253
0.9688561694652216
0.9732407168145568
0.9770226300899744
0.9802808718926534
0.9830850867332734
0.985496420308618
0.9875683491468141
0.9893474891602738
0.9908743626108194
0.9921841112107114
0.0066928509242848554
0.007815888789288626
0.00912563738918052
0.010652510839726164
0.01243165085318582
0.014503579691381979
0.01691491326672651
0.019719128107346592
0.022977369910025615
0.026759283185443152
0.03114383053477846
0.03622005586497474
0.042087727915618836
0.048857778622174906
0.05665242530797383
0.0656048374590693
0.07585818002124355
0.08756383952305867
0.10087862273005652
0.11596071825396675
0.13296424019782926
0.15203224162217424
0.1732882059293266
0.19682620364309852
0.22270013882530884
0.25091278688527247
0.28140560742914383
0.31405054499180746
0.34864513533394575
0.3849121444839335
0.4225046348141883
0.461016779312316
0.5
0.5389832206876841
0.5774953651858118
0.6150878555160665
0.6513548646660542
0.6859494550081925
0.7185943925708561
0.7490872131147275
0.7772998611746911
0.8031737963569016
0.8267117940706734
0.8479677583778257
0.8670357598021706
0.8840392817460332
0.8991213772699436
0.9124361604769414
0.9241418199787566
0.9343951625409306
0.9433475746920261
0.9511422213778251
0.9579122720843811
0.9637799441350253
0.9688561694652216
0.9732407168145568
0.9770226300899744
0.9802808718926534
0.9830850867332734
0.985496420308618
0.9875683491468141
0.9893474891602738
0.9908743626108194
0.9921841112107114
0.0066928509242848554
0.0078757059261565
0.009265661699763316
0.010898231252683717
0.012814731852475418
0.015063124700391804
0.017698933852013845
0.020786234264619508
0.024398689443168923
0.02862060614348805
0.03354795612757267
0.03928929224013338
0.04596645748752751
0.053714951256560006
0.06268377717118273
0.07303455478599617
0.08493963715485932
0.09857894631007777
0.11413523079250988
0.13178747961314555
0.15170231445852428
0.17402334562493993
0.1988587303949169
0.22626751439818535
0.25624574155488566
0.2887137281618198
0.32350621872943297
0.3603672595363787
0.39895143020308627
0.43883250105823246
0.47951966207838415
0.520480337921616
0.5611674989417675
0.6010485697969139
0.6396327404636211
0.6764937812705669
0.7112862718381803
0.7437542584451143
0.7737324856018146
0.8011412696050831
0.8259766543750601
0.8482976855414757
0.8682125203868545
0.8858647692074901
0.9014210536899222
0.9150603628451407
0.9269654452140038
0.9373162228288173
0.94628504874344
0.9540335425124725
0.9607107077598666
0.9664520438724273
0.9713793938565118
0.9756013105568311
0.9792137657353804
0.9823010661479863
0.9849368752996083
0.9871852681475246
0.9891017687473163
0.9907343383002367
0.9921242940738434
0.0066928509242848554
0.007835145422474772
0.009170599752360894
0.010731212465450798
0.012554038512702167
0.014681898325460938
0.017164152757520028
0.02005753653785041
0.023427035937057025
0.027346786796182875
0.03190095629438097
0.03718455523889262
0.04330410675805652
0.05037807187137191
0.0585369028743679
0.06792256314142832
0.07868731960789302
0.09099158667570945
0.10500058502026478
0.12087958609166738
0.1387875559664535
0.15886910488091513
0.18124480392798442
0.20600015428198296
0.23317378030154554
0.2627457395481305
0.2946271492940394
0.32865254651727
0.3645764407416392
0.4020753108072692
0.44075580261520714
0.4801691383115769
0.519830861688423
0.5592441973847929
0.5979246891927307
0.6354235592583608
0.67134745348273
0.7053728507059606
0.7372542604518694
0.7668262196984543
0.793999845718017
0.8187551960720155
0.8411308951190848
0.8612124440335465
0.8791204139083325
0.8949994149797352
0.9090084133242906
0.9213126803921069
0.9320774368585716
0.941463097125632
0.949621928128628
0.9566958932419435
0.9628154447611075
0.968099043705619
0.9726532132038171
0.9765729640629429
0.9799424634621495
0.9828358472424801
0.985318101674539
0.9874459614872979
0.9892687875345492
0.9908294002476392
0.9921648545775251
0.0066928509242848554
0.008100529695435631
0.009801358083433373
0.011855032865180097
0.014332784805640396
0.017319320769273824
0.02091495927022071
0.02523791117953646
0.030426614561138085
0.03664197193514743
0.04406925572663452
0.05291934058460396
0.0634287903451321
0.07585818002124355
0.09048788799089094
0.10761048602473343
0.12751884214227768
0.1504892131429564
0.17675903311877925
0.20649988225373497
0.23978726870258613
0.2765702750033588
0.316645529812217
0.35964090050906666
0.4050142064772285
0.4520706970743689
0.5
0.5479293029256312
0.5949857935227715
0.6403590994909334
0.6833544701877828
0.7234297249966412
0.760212731297414
0.7935001177462648
0.8232409668812207
0.8495107868570436
0.8724811578577222
0.8923895139752667
0.909512112009109
0.9241418199787566
0.936571209654868
0.9470806594153961
0.9559307442733656
0.9633580280648525
0.9695733854388618
0.9747620888204636
0.9790850407297792
0.9826806792307261
0.9856672151943596
0.9881449671348198
0.9901986419165666
0.9918994703045645
