0
0.017857142857142856
0.03571428571428571
0.05357142857142857
0.07142857142857142
0.08928571428571427
0.10714285714285712
0.12499999999999997
0.14285714285714282
0.16071428571428567
0.17857142857142852
0.19642857142857137
0.21428571428571422
0.23214285714285707
0.24999999999999992
0.2678571428571428
0.28571428571428564
0.3035714285714285
0.32142857142857134
0.3392857142857142
0.35714285714285704
0.3749999999999999
0.39285714285714274
0.4107142857142856
0.42857142857142844
0.4464285714285713
0.46428571428571414
0.482142857142857
0.49999999999999983
0.5178571428571427
0.5357142857142856
0.5535714285714285
0.5714285714285714
0.5892857142857143
0.6071428571428572
0.6250000000000001
0.642857142857143
0.6607142857142859
0.6785714285714288
0.6964285714285717
0.7142857142857146
0.7321428571428575
0.7500000000000004
0.7678571428571433
0.7857142857142863
0.8035714285714292
0.8214285714285721
0.839285714285715
0.8571428571428579
0.8750000000000008
0.8928571428571437
0.9107142857142866
0.9285714285714295
0.9464285714285724
0.9642857142857153
0.9821428571428582
1
0
0.01639344262295082
0.03278688524590164
0.04918032786885246
0.06557377049180328
0.0819672131147541
0.09836065573770493
0.11475409836065575
0.13114754098360656
0.14754098360655737
0.16393442622950818
0.180327868852459
0.1967213114754098
0.21311475409836061
0.22950819672131142
0.24590163934426224
0.2622950819672131
0.2786885245901639
0.29508196721311475
0.3114754098360656
0.3278688524590164
0.34426229508196726
0.3606557377049181
0.37704918032786894
0.3934426229508198
0.4098360655737706
0.42622950819672145
0.4426229508196723
0.4590163934426231
0.47540983606557397
0.4918032786885248
0.5081967213114756
0.5245901639344265
0.5409836065573773
0.5573770491803282
0.573770491803279
0.5901639344262298
0.6065573770491807
0.6229508196721315
0.6393442622950823
0.6557377049180332
0.672131147540984
0.6885245901639349
0.7049180327868857
0.7213114754098365
0.7377049180327874
0.7540983606557382
0.770491803278689
0.7868852459016399
0.8032786885245907
0.8196721311475416
0.8360655737704924
0.8524590163934432
0.8688524590163941
0.8852459016393449
0.9016393442622957
0.9180327868852466
0.9344262295081974
0.9508196721311483
0.9672131147540991
0.9836065573770499
1
0
0.01639344262295082
0.03278688524590164
0.04918032786885246
0.06557377049180328
0.0819672131147541
0.09836065573770493
0.11475409836065575
0.13114754098360656
0.14754098360655737
0.16393442622950818
0.180327868852459
0.1967213114754098
0.21311475409836061
0.22950819672131142
0.24590163934426224
0.2622950819672131
0.2786885245901639
0.29508196721311475
0.3114754098360656
0.3278688524590164
0.34426229508196726
0.3606557377049181
0.37704918032786894
0.3934426229508198
0.4098360655737706
0.42622950819672145
0.4426229508196723
0.4590163934426231
0.47540983606557397
0.4918032786885248
0.5081967213114756
0.5245901639344265
0.5409836065573773
0.5573770491803282
0.573770491803279
0.5901639344262298
0.6065573770491807
0.6229508196721315
0.6393442622950823
0.6557377049180332
0.672131147540984
0.6885245901639349
0.7049180327868857
0.7213114754098365
0.7377049180327874
0.7540983606557382
0.770491803278689
0.7868852459016399
0.8032786885245907
0.8196721311475416
0.8360655737704924
0.8524590163934432
0.8688524590163941
0.8852459016393449
0.9016393442622957
0.9180327868852466
0.9344262295081974
0.9508196721311483
0.9672131147540991
0.9836065573770499
1
0
0.015873015873015872
0.031746031746031744
0.047619047619047616
0.06349206349206349
0.07936507936507936
0.09523809523809523
0.1111111111111111
0.12698412698412698
0.14285714285714285
0.15873015873015872
0.1746031746031746
0.19047619047619047
0.20634920634920634
0.2222222222222222
0.23809523809523808
0.25396825396825395
0.2698412698412698
0.2857142857142857
0.30158730158730157
0.31746031746031744
0.3333333333333333
0.3492063492063492
0.36507936507936506
0.38095238095238093
0.3968253968253968
0.4126984126984127
0.42857142857142855
0.4444444444444444
0.4603174603174603
0.47619047619047616
0.49206349206349204
0.5079365079365079
0.5238095238095237
0.5396825396825395
0.5555555555555554
0.5714285714285712
0.587301587301587
0.6031746031746028
0.6190476190476186
0.6349206349206344
0.6507936507936503
0.6666666666666661
0.6825396825396819
0.6984126984126977
0.7142857142857135
0.7301587301587293
0.7460317460317452
0.761904761904761
0.7777777777777768
0.7936507936507926
0.8095238095238084
0.8253968253968242
0.8412698412698401
0.8571428571428559
0.8730158730158717
0.8888888888888875
0.9047619047619033
0.9206349206349191
0.936507936507935
0.9523809523809508
0.9682539682539666
0.9841269841269824
0.9999999999999982
0
0.016129032258064516
0.03225806451612903
0.04838709677419355
0.06451612903225806
0.08064516129032258
0.0967741935483871
0.11290322580645161
0.12903225806451613
0.14516129032258063
0.16129032258064513
0.17741935483870963
0.19354838709677413
0.20967741935483863
0.22580645161290314
0.24193548387096764
0.25806451612903214
0.27419354838709664
0.29032258064516114
0.30645161290322565
0.32258064516129015
0.33870967741935465
0.35483870967741915
0.37096774193548365
0.38709677419354815
0.40322580645161266
0.41935483870967716
0.43548387096774166
0.45161290322580616
0.46774193548387066
0.48387096774193517
0.49999999999999967
0.5161290322580642
0.5322580645161287
0.5483870967741932
0.5645161290322577
0.5806451612903222
0.5967741935483867
0.6129032258064512
0.6290322580645157
0.6451612903225802
0.6612903225806447
0.6774193548387092
0.6935483870967737
0.7096774193548382
0.7258064516129027
0.7419354838709672
0.7580645161290317
0.7741935483870962
0.7903225806451607
0.8064516129032252
0.8225806451612897
0.8387096774193542
0.8548387096774187
0.8709677419354832
0.8870967741935477
0.9032258064516122
0.9193548387096767
0.9354838709677412
0.9516129032258057
0.9677419354838702
0.9838709677419347
0.9999999999999992
